15 12
0 0 0 0 0 0 0 0 0 0 0 0
40.1 38.9 42.7 43.0 45.9 46.0 58.1 52.6 52.1 53.3 52.1 57.2
44.4 41.2 48.6 47.5 53.6 49.8 58.6 53.5 56.2 59.2 57.4 60.3
49.8 44.9 49.1 54.6 57.8 50.2 59.2 54.0 60.7 60.0 57.8 58.7
50.8 45.4 50.9 55.7 59.6 52.2 59.9 55.0 60.9 60.8 60.8 64.5
51.2 51.6 50.4 55.7 60.0 52.4 61.5 55.8 60.9 63.6 61.0 63.9
56.9 52.3 51.1 56.8 60.6 54.1 62.0 58.6 61.8 64.1 62.5 65.3
61.8 55.1 51.2 56.9 62.4 56.6 65.9 59.7 62.4 64.7 62.9 65.4
68.8 64.5 54.1 57.8 62.8 61.4 66.9 60.0 64.0 65.1 63.0 66.3
79.6 69.7 58.5 60.6 70.5 70.2 69.1 61.1 64.9 65.8 63.5 66.3
90.0 80.3 65.7 61.6 71.3 73.9 74.2 70.6 70.5 67.9 67.9 66.7
90.5 86.2 66.8 71.0 81.7 76.3 77.8 71.7 74.3 72.4 70.2 71.2
100.2 91.3 73.4 76.1 88.4 81.1 79.7 76.2 80.9 84.1 78.4 80.2
103.2 92.3 77.8 78.2 89.3 91.5 83.4 80.7 86.8 84.1 78.9 81.8
109.5 93.0 79.4 80.3 95.5 91.6 90.0 84.1 87.6 86.2 83.0 85.0
109.8 98.1 80.3 82.6 95.9 94.4 93.0 87.6 92.2 90.0 83.2 85.5