15 12
45 60 53 100 90 95 1490 1640 1565 1730 1720 1725
150 160 155 230 210 220 2150 2260 2205 2040 2050 2045
200 190 195 270 230 250 2550 2700 2625 2300 2200 2250
240 250 245 300 290 295 2600 2850 2725 2350 2400 2375
300 340 320 400 370 385 2900 3000 2950 2370 2450 2410
400 410 405 470 420 445 3200 3220 3210 2400 2700 2550
380 445 413 490 450 470 3200 3150 3175 2450 2550 2500
450 470 460 600 650 625 3200 3250 3225 2500 2450 2475
580 630 605 700 730 715 3100 3200 3150 2400 2600 2500
650 630 640 770 750 760 3300 3200 3250 2700 2450 2575
640 680 660 800 770 785 3300 3400 3350 2500 2600 2550
650 660 655 900 850 875 3300 3500 3400 2550 2600 2575
650 640 645 850 945 898 3300 3550 3425 2450 2550 2500
650 630 640 850 820 835 3350 3400 3375 2500 2550 2525
700 600 650 900 850 875 3500 3400 3450 2450 2600 2525